global Cam88ExData;
global Cam88InData;

global Cam89ExData;
global Cam89InData;

global Cam98ExData;
global Cam98InData;

global Cam99ExData;
global Cam99InData;

global Psrc;
%% 数据初始化

Cam88ExData = [ 0.263443496540838,	0.952110362577571,      0.155188213478810,  -787.127717465714;
                            -0.570447207775731, 0.0240242604145416,    0.820982836636922,  -111.845134134889;
                            0.777937984206460,  -0.304809272142337,     0.549457732992128,   3763.42491628639;
                        0,0,0,1];
                
 Cam88InData = [1119.33657800349,               0,                          285.122582344034,       0;
                            0,                              1118.21934509895,          254.277562154169,        0;
                            0,0,1,0];
                       
 Cam89ExData = [-0.454493882971186,0.850390978095721,-0.265085825187197,-468.003069251984;-0.547424685722205,-0.0318958856257074,0.836246892934196,20.4268704262938;0.702681666050652,0.525183622034765,0.480021498833881,3536.12450906042;0,0,0,1];
 Cam89InData =  [1130.15461685499,0,328.905142402980,0;0,1128.46243690843,234.321908334105,0;0,0,1,0];
 
 Cam98ExData =  [-0.405999205137351,-0.887773477238780,0.216847638998455,260.030183191835;0.513323799367383,-0.0252225196230161,0.857824283584290,228.244752711422;-0.756084203267648,0.459589031217273,0.465955577232309,3375.91167724499;0,0,0,1];
 Cam98InData =  [1128.29264556218,0,305.290771119346,0;0,1127.19871181080,219.037100981758,0;0,0,1,0];
 
 Cam99ExData =   [0.476148391060183,-0.842894269600767,-0.250623143314795,64.1942817570228;0.526167013607395,0.0447308805134711,0.849203993231288,194.862978110202;-0.704578585739216,-0.536216745917804,0.464801697409816,3713.71276447928;0,0,0,1];
 Cam99InData =   [1134.12462687546,0,348.171796189448,0;0,1133.69297150682,220.479849963420,0;0,0,1,0];
 
 
 M88 = Cam88InData*Cam88ExData;
M89 = Cam89InData*Cam89ExData;
M98 = Cam98InData*Cam98ExData;
M99 = Cam99InData*Cam99ExData;
%%
load 'pic88.txt'
load 'pic89.txt'
load 'pic98.txt'
load 'pic99.txt'

Psrc = cell(1,4);
Psrc{1} = pic88;
Psrc{2} = pic89;
Psrc{3} = pic98;
Psrc{4} = pic99;

M = cell(1,4);
M{1} = M88;
M{2} = M89;
M{3} = M98;
M{4} = M99;
%%
Modle = zeros(6,9,2);
M_modle = [];
for j = 1:size(Modle,2)
    for i = 1:size(Modle,1)
        Modle(i,j,:) = [(i-1)*50.0,(j-1)*50.0];
        M_modle = [M_modle;(i-1)*50.0,(j-1)*50.0];
    end
end

M_modle = M_modle';

